# id	left	top	right	bottom	texture_id
[SPRITES]
#### Idle
40100	86	217	101	232	300
40101	104	217	119	232	300
40102	122	217	137	232	300
40103	86	235	101	250	300

### Bouncing
40110	435	310	442	325	400
40111	445	310	452	325	400
40112	455	310	462	325	400
40113	465	310	472	325	400
40114	475	310	482	325	400
40115	485	310	492	325	400
40116	495	310	502	325	400
40117	505	310	512	325	400
40118	515	310	522	325	400
40119	525	310	532	325	400
401110	535	310	542	325	400
401111	545	310	552	325	400
401112	555	310	562	325	400
401113	565	310	572	325	400
401114	575	310	582	325	400
401115	585	310	592	325	400
401116	595	310	602	325	400
401117	605	310	612	325	400

# ani_id	sprite1_id	time1	sprite2_id	time2	...
[ANIMATIONS]

## idle
4010	40100	100	40101	100	40102	100	40103	100
## bouncinng
4011	40110	50	40111	50	40112	50	40113	50	40114	50	40115	50	40116	50	40117	50	40118	50	40119	50	401110	50	401111	50	401112	50	401113	50	401114	50	401115	50	401116	50	401117	50