#	id	left	top	right	bottom	tex_id
[SPRITES]
### mushroom
30900	1771	171	1786	186	800
### mushroom fly away
309000	1771	243	1786	258	800
309001	1771	261	1786	276	800


##### cái thanh dọc dùng chung lúc mầ cái item nó namwfvuoong gốc với màn hình
309002	1771	279	1786	294	800


###	flower
30910	1789	171	1804	186	800
### flower fly away
309100	1789	243	1804	258	800
309101	1789	261	1804	276	800



###	star
30920	1807	171	1822	186	800
### star fly away
309200	1807	243	1822	258	800
309201	1807	261	1822	276	800

[ANIMATIONS]
3090	30900	100
3091	30910	100
3092	30920	100

3096	309000	100 309001	100 309002	100	309001 100 309000 100
3097	309100	100 309101	100 309002	100	309101 100 309100 100
3098	309200	100 309201	100 309002	100	309201 100 309200 100