[SPRITES]

# PANEL
90100 4 15 259 62 500 panel

# NUMBER
9010100 524 25 531 32 500 #num0
9010101 533 25 540 32 500 #num1
9010102 542 25 549 32 500 #num2
9010103 551 25 558 32 500 #num3
9010104 560 25 567 32 500 #num4

9010105 524 34 531 41 500 #num5
9010106 533 34 540 41 500 #num6
9010107 542 34 549 41 500 #num7
9010108 551 34 558 41 500 #num8
9010109 560 34 567 41 500 #num9

9010110 569 34 576 41 500 $numNull

# P-METER
9010200 625 25 632 32 500 #meter
9010201 653 25 668 32 500 #meterP


# CARD
9010300 723 25 738 40 500 none
9010301 672 25 687 40 500 mushroom
9010302 689 25 704 40 500 flower
9010303 706 25 721 40 500 start

# PAUSE
9010400 0 301 71 316 900 pause

# BLACK
9999999 0 0 284 196 30