# id	left	top	right	bottom	texture_id
[SPRITES]
#### GREEN
#WALK
2021000	0	63	17	88	200
2021001	18	63	33	88	200
#SHELL IDLE
2031100	34	56	51	71	200
#SHELL SHAKING
2121200	37	73	52	88	200
#SHELL MOVING
2121300	35	56	50	71	200
2121301	52	56	67	71	200
2121302	69	56	84	71	200
2121303	86	56	101	71	200

### RED
#WALK
2022000	103	62	109	89	200
2022001	113	62	135	89	200
#SHELL IDLE
2022100	136	55	152	71	200
#SHELL SHAKING
2022200	139	72	155	88	200
#SHELL MOVING
2022300	136	55	152	71	200
2022301	154	55	170	71	200
2022302	171	55	187	71	200
2022303	188	55	204	71	200


# ani_id	sprite1_id	time1	sprite2_id	time2	...
[ANIMATIONS]
#### GREEN
#WALK
20210	2021000	200	2021001	200
#SHELL IDLE
20211	2021100	200
#SHELL SHAKING
20212	2021200	10 2021200	10
#SHELL MOVING
20213	2021300	100	2021301	100	2021302	100 2021303	100

#### RED
#WALK
21220	2122000	200	2122001	200
#SHELL IDLE
21221	2122100	200
#SHELL SHAKING
21222	2122200	10 2122200	10
#SHELL MOVING
21223	2122300	100	2122301	100	2122302	100 2122303	100
