# id	left	top	right	bottom	texture_id
[SPRITES]
# GRASS GROUND
# ID      Left  Top   Right Bottom TextureID
# grass 602
# top row
60211	1166	109	1181	124	300
60212	1184	109	1199	124	300
60213	1202	109	1217	124	300
# mid row
60221	1166	127	1181	142	300
60222	1184	127	1199	142	300
60223	1202	127	1217	142	300
# bottom row
60231	1166	145	1199	142	300
60233	1202	145	1217	160	300

# small tree 60002
6000200 242 55 257 70 300 alone small tree

#cloud 60003
6000311  26   37   41   52   300
6000312  44   37   59   52   300
6000313  62   37   77   52   300
6000321  26   55   41   70   300
6000322  44   55   59   70   300
6000323  62   55   77   70   300