[SPRITES]
# vertical 702
70211  224  235  239  250  300
70212  242  235  257  250  300
70221  224  253  239  268  300
70222  242  253  257  268  300
70321	945	245	960	260	300
70322	963	245	978	260	300

# horizontal 703
70300  224  199  239  214  300
70301  242  199  257  214  300
70302	927  227 942  242  300
70310	224  217  239  232  300
70311	242		217	 257  232  300
70312	927  245 942  260  300

# black verticle 702
70241	284	235	299	250	300
70242	302	235	317	250	300
70251	284	253	299	268	300
70252	302	253	317	268	300
70261	945	227	960	242	300	
70262	963	227	978	242	300