# list of object assets to load in this scene
[ASSETS]
mario.txt
brick.txt
coin.txt
mushroom.txt
leaf.txt
goomba.txt
koopa.txt
cloud.txt
map1.txt
question_block.txt
pipe.txt
HUD.txt
mushroom.txt
leaf.txt
HUD.txt
score_effect.txt

[GRID_OBJECTS]
# type x y extra_settings per object type
# type: 0 = Mario , 1 = Brick, 2 = Goomba, 3 = Koopas
# See OBJECT_TYPE constants in AssetIDs.h

# MARIO
0	250	10

202 10 10

302	-1	22	0 question block tam chan player
302	-1	20	0
302	-1	18	0
302	-1	16	0
302	-1	14	0
302	-1	12	0

#GROUND
601 0 23 16 16 40 6 60111 60112 60113 60121 60122 60123
601 80 21 16 16 29 6 60111 60112 60113 60121 60122 60123
601 146 23 16 16 22 6 60111 60112 60113 60121 60122 60123
601 194 23 16 16 5 6 60111 60112 60113 60121 60122 60123
601 210 23 16 16 36 6 60111 60112 60113 60121 60122 60123
601 284 23 16 16 36 6 60111 60112 60113 60121 60122 60123



# TREE 1
600 4 22 6000121
600 4 20 6000121
600 4 18 6000111

600 6 22 6000100
600 6 20 6000131
600 6 18 6000132
600 6 16 6000111

600 8 22 6000100
600 8 20 6000132
600 8 18 6000122
600 8 16 6000112

600 10 22 6000100
600 10 20 6000100
600 10 18 6000111

600 12 22 6000131
600 12 20 6000122
600 12 18 6000112

600 14 22 6000132
600 14 20 6000121
600 14 18 6000111

600 16 22 6000100
600 16 20 6000131
600 16 18 6000112

600 18 22 6000122
600 18 20 6000112

# SMALL TREE 1
600 22 22 6000200
600 24 22 6000200
600 26 22 6000200

# CLOUD 1
600 16 8 6000321
600 16 6 6000311
600 18 8 6000322
600 18 6 6000312
600 20 8 6000322
600 20 6 6000312
600 22 8 6000323
600 22 6 6000313

# QUESTION BLOCK
### id_coin	x	y	contained_time_id
### 0 - coin, 1 - mushroom/leaf/fire, 2 - 1-up mushroom
302	24	16	0
302	26	16	0
302	31	10	1
302	33	10	1

# SEMI-SOLID PLATFORM
# id, x y, sprite_h w, cellsize_x y, tl tc tr ml mc mr bl bc br, st sm sb
701	36 13	16 16	3 5		7010211 7010212 7010213 7010221 7010222 7010223 7010231 7010232 7010233		7010014 7010024 7010024

701	32 17	16 16	3 3		7010111 7010112 7010113 7010121 7010122 7010123 7010131 7010132 7010133		7010014 7010024 7010234

#COIN
4 6 7
4 7 7
4 8 7
4 9 7
4 10 7

# PIPE
# id x y, sprite size wh, tl tr ml mr
702 46 17	16 16	3	70211 70212 70221 70222

# CLOUD ABOVE PIPE
600 44 6 6000321
600 44 4 6000311
600 46 6 6000322
600 46 4 6000312
600 48 6 6000323
600 48 4 6000313

# SEMI-SOLID PLATFORM
# id, x y, sprite_w_h, cellsize_x y, tl tc tr ml mc mr bl bc br, st sm sb
701	66 9	16 16	4 7		7010411 7010412 7010413 7010421 7010422 7010423 7010431 7010432 7010433		7010014 7010024 7010024

701	60 13	16 16	4 5		7010111 7010112 7010113 7010121 7010122 7010123 7010131 7010132 7010133		7010014 7010024 7010024

701	52 17	16 16	5 3		7010311 7010312 7010313 7010321 7010322 7010323 7010331 7010332 7010333		7010014 7010024 7010134

701	66 19	16 16	6 2		7010311 7010312 7010313 7010321 7010322 7010323 7010331 7010332 7010333		7010014 7010024 7010024

# QUESTION
### id_coin	x	y	contained_time_id
### 0 - coin, 1 - mushroom/leaf/fire, 2 - 1-up mushroom
302	55	11	0
302	85	20	0
302	91	16	0

#SMALL TREE
600 87 20 6000200
600 89 20 6000200
600 91 20 6000200
600 93 20 6000200
600 95 20 6000200
600 97 20 6000200

# CLOUD 2
600 93 12 6000321
600 93 10 6000311
600 95 12 6000322
600 95 10 6000312
600 97 12 6000322
600 97 10 6000312
600 99 12 6000322
600 99 10 6000312
600 101 12 6000323
600 101 10 6000313

# TREE 2
600 105 20 6000111
600 107 20 6000132
600 107 18 6000121
600 107 16 6000111

600 109 20 6000100
600 109 18 6000131
600 109 16 6000112

600 111 20 6000100
600 111 18 6000132
600 111 16 6000111

600 113 20 6000100
600 113 18 6000131
600 113 16 6000132
600 113 14 6000111

600 115 20 6000100
600 115 18 6000132
600 115 16 6000122
600 115 14 6000112

600 117 20 6000100
600 117 18 6000100
600 117 16 6000111

600 119 20 6000122
600 119 18 6000122
600 119 16 6000112

600 121 20 6000111
600 123 20 6000132
600 123 18 6000121
600 123 16 6000111

600 125 20 6000100
600 125 18 6000131
600 125 16 6000112

600 127 20 6000122
600 127 18 6000112

#SMALL TREE
600 133 20 6000200
600 135 20 6000200

600 151 22 6000200
600 153 22 6000200
600 155 22 6000200

# SEMI-SOLID PLATFORM
# id, x y, sprite_w_h, cellsize_x y, tl tc tr ml mc mr bl bc br, st sm sb
701	168 11	16 16	7 6		7010211 7010212 7010213 7010221 7010222 7010223 7010231 7010232 7010233		7010014 7010024 7010024
701	164 15	16 16	7 4		7010111 7010112 7010113 7010121 7010122 7010123 7010131 7010132 7010133		7010014 7010024 7010234
701	160 19	16 16	7 2		7010311 7010312 7010313 7010321 7010322 7010323 7010331 7010332 7010333		7010014 7010024 7010134

# QUESTION
### id_coin	x	y	contained_time_id
### 0 - coin, 1 - mushroom/leaf/fire, 2 - 1-up mushroom
302	187	18	0

# temp
302	203	22	0

302	211	22	0
302	213	22	0
302	215	22	0

#SMALL TREE
600 219 22 6000200
600 221 22 6000200
600 223 22 6000200


# PIPE
# id x y, sprite size wh, tl tr ml mr
702 226 19	16 16	2	70211 70212 70221 70222
702 234 17	16 16	3	70211 70212 70221 70222

# TREE
600 239 22 6000111
600 241 22 6000132
600 241 20 6000121
600 241 18 6000111

600 243 22 6000100
600 243 20 6000131
600 243 18 6000112

600 245 22 6000122
600 245 20 6000112

# BRICK
# id x y spawn item
# 0/none = NONE, 1 = P-SWITCH, 2 = MUSHROOM
301 247 22
301 249 22
301 251 22
301 253 22
301 255 22
301 257 22
301 259 22
301 249 20
301 251 20
301 253 20
301 255 20
301 257 20
301 251 18
301 253 18
301 255 18
301 257 18
301 265 22
301 265 20
301 267 22

#test
301 251 12 2
301 253 12 2
301 255 12
301 257 12



#SEMI-SOLID PLATFORM
701	274 5	16 16	3 9		7010311 7010312 7010313 7010321 7010322 7010323 7010331 7010332 7010333		7010014 7010024 7010024
701	270 17	16 16	3 3		7010111 7010112 7010113 7010121 7010122 7010123 7010131 7010132 7010133		7010014 7010024 7010334

# PIPE
# id x y, sprite size wh, tl tr ml mr
702 284 19	16 16	2	70221 70222 70221 70222

302	285	18	0
302	287	18	0
302	285	10	0
302	287	10	0

702 284 -11	16 16	10	70221 70222 70221 70222

702 292 19	16 16	2	70211 70212 70221 70222

# CLOUD 
600 294 10 6000321
600 294 8 6000311
600 296 10 6000322
600 296 8 6000312
600 298 10 6000323
600 298 8 6000313

#TREE
600 299 22 6000121
600 299 20 6000121
600 299 18 6000121
600 299 16 6000111

600 301 22 6000100
600 301 20 6000100
600 301 18 6000100
600 301 16 6000132
600 301 14 6000111

600 303 22 6000100
600 303 20 6000100
600 303 18 6000100
600 303 16 6000100
600 303 14 6000132
600 303 12 6000121
600 303 10 6000121
600 303 8 6000111

600 305 22 6000100
600 305 20 6000100
600 305 18 6000100
600 305 16 6000100
600 305 14 6000100
600 305 12 6000100
600 305 10 6000131
600 305 8 6000112

600 307 22 6000100
600 307 20 6000131
600 307 18 6000122
600 307 16 6000122
600 307 14 6000122
600 307 12 6000122
600 307 10 6000112

600 309 22 6000122
600 309 20 6000112