# list of object assets to load in this scene
[ASSETS]
mario.txt
brick.txt
coin.txt
mushroom.txt
leaf.txt
goomba.txt
koopa.txt
cloud.txt
map1.txt
question_block.txt
pipe.txt
HUD.txt
power_up.txt
HUD.txt
effect.txt
map_2.txt

[GRID_OBJECTS]
# type x y extra_settings per object type
# type: 0 = Mario , 1 = Brick, 2 = Goomba, 3 = Koopas
# See OBJECT_TYPE constants in AssetIDs.h

# MARIO
0 1 5

#GROUND
#601 0 12 16 16 39 6 60111 60112 60113 60121 60122 60123

## GREEN GRASS
601	-1 11 16 16 9 1 60211 60212 60212 60221 60222 60222 60231 60231 60233
601	-1 12 16 16 9 1 60241 60242 60242 60241 60242 60242 60241 60241 60243
601	8 11 16 16 30 1 60222 60222 60222 60222 60222 60223 60231 60231 60233
601	8 12 16 16 30 1 60242 60242 60242 60242 60242 60243 60241 60241 60243
601	37 11 16 16 10 1 60222 60212 60213 60222 60222 60223 60231 60231 60233
601	37 12 16 16 10 1 60242 60242 60243 60242 60242 60243 60241 60241 60243

# ============== bụi cây có mắt đầu map
600 1 10 6000321
600 1 9 6000321
600 1 8 6000311

600 2 10 6000300
600 2 9 6000331
600 2 8 6000332
600 2 7 6000311

600 3 9 6000332
600 3 8 6000322
600 3 7 6000312
600 3 10 6000331

600 4 10 6000332
600 4 9 6000300
600 4 8 6000311

600 5 10 6000300
600 5 9 6000331
600 5 8 6000312

600 6 10 6000322
600 6 9 6000312

### cột số 7

#### ==================== Bắt đầu dốc lên thứ nhất ở x = 8
600 8 10 60311
600 9 10 60312
600 10 9 60311
600 11 9 60312
600 12 8 60311
600 13 8 60312

# inside đất
600 10 10 60222
600 11 10 60222
600 12 10 60222
600 13 10 60222
600 12 9 60222
600 13 9 60222
600 13 10 60222
600 14 10 60222
600 13 9 60222
600 14 9 60222
600 14 10 60222
600 15 10 60222
600 14 9 60222
600 15 9 60222
600 15 10 60222
600 16 10 60222
600 15 9 60222
600 16 9 60222
600 16 10 60222
600 17 10 60222
600 16 9 60222
600 17 9 60222

### Collider của dốc thứ nhất
#603  8  10  48  48  1
603  10.5  8.9375 88  50  1

## đỉnh dốc
601	14 8 16 16 5 1 60212 60212 60222 60222 60222 60223 60231 60231 60233
## cây nhỏ trên đỉnh dốc
600	14	7	6000411
600	15	7	6000412
600	16	7	6000412
600	17	7	6000413
#=====================================================

#### ==================== Bắt đầu dốc lên thứ hai ở x = 18
## -- lên dốc
600 18 7 60311
600 19 7 60312
600 20 6 60311
600 21 6 60312
600 22 5 60311
600 23 5 60312
600 24 4 60311
600 25 4 60312

## đất bên dưới dốc
## đất bên dưới dốc
# Cột 18, 19
600 18 8 60222
600 18 9 60222
600 18 10 60222
600 19 8 60222
600 19 9 60222
600 19 10 60222

# Cột 20, 21
600 20 7 60222
600 20 8 60222
600 20 9 60222
600 20 10 60222
600 21 7 60222
600 21 8 60222
600 21 9 60222
600 21 10 60222

# Cột 22, 23
600 22 6 60222
600 22 7 60222
600 22 8 60222
600 22 9 60222
600 22 10 60222
600 23 6 60222
600 23 7 60222
600 23 8 60222
600 23 9 60222
600 23 10 60222

# Cột 24, 25
600 24 5 60222
600 24 6 60222
600 24 7 60222
600 24 8 60222
600 24 9 60222
600 24 10 60222
600 25 5 60222
600 25 6 60222
600 25 7 60222
600 25 8 60222
600 25 9 60222
600 25 10 60222

### Collider của dốc thứ nhất
#603  8  10  48  48  1
603  21.5  5.4375  120  66  1

## đỉnh dốc
601	26 4 16 16 4 1 60212 60212 60212 60222 60222 60223 60231 60231 60233

## đất dưới đỉnh dốc
# Đỉnh dốc nằm ở Y=4, ta đắp đất từ Y=5 đến Y=10 cho các cột từ 26 đến 29
# Cột 26
600 26 5 60222
600 26 6 60222
600 26 7 60222
600 26 8 60222
600 26 9 60222
600 26 10 60222

# Cột 27
600 27 5 60222
600 27 6 60222
600 27 7 60222
600 27 8 60222
600 27 9 60222
600 27 10 60222

# Cột 28
600 28 5 60222
600 28 6 60222
600 28 7 60222
600 28 8 60222
600 28 9 60222
600 28 10 60222

# Cột 29
600 29 5 60222
600 29 6 60222
600 29 7 60222
600 29 8 60222
600 29 9 60222
600 29 10 60222

## xuống dốc
600	30	4	60323
600	31	5	60323
600	32	6	60323
600	33	7	60323
600	34	8	60323
600	35	9	60323
600	36	10	60321
600	37	10	60322

## collider của dốc xuống
603  33.5  6.9375  120  114  -1

## đất của dốc xuống
# Đắp đất dưới bề mặt dốc nghiêng cho đến Y=10

# Cột 30 (bề mặt Y=4)
600 30 5 60222
600 30 6 60222
600 30 7 60222
600 30 8 60222
600 30 9 60222
600 30 10 60222

# Cột 31 (bề mặt Y=5)
600 31 6 60222
600 31 7 60222
600 31 8 60222
600 31 9 60222
600 31 10 60222

# Cột 32 (bề mặt Y=6)
600 32 7 60222
600 32 8 60222
600 32 9 60222
600 32 10 60222

# Cột 33 (bề mặt Y=7)
600 33 8 60222
600 33 9 60222
600 33 10 60222

# Cột 34 (bề mặt Y=8)
600 34 9 60222
600 34 10 60222

# Cột 35 (bề mặt Y=9)
600 35 10 60222


### ? block đầu tiên
302	44	7	1

## cây nhỏ trên đỉnh dốc
600	42	10	6000411
600	43	10	6000412
600	44	10	6000412
600	45	10	6000413

#### ================= Chặng thứ hai ======================
601	48 11 16 16 12 1 60211 60212 60212 60221 60222 60222 60231 60231 60233
601	48 12 16 16 12 1 60241 60242 60242 60241 60242 60242 60241 60241 60243

# ============== bụi cây có mắt đầu map
# ============== BỤI CÂY KHỔNG LỒ (X = 51) ==============

# --- Bướu 1: Thấp nhất, ngoài cùng bên trái (Cao 1) ---
600 51 10 6000311
600 52 10 6000312

# --- Bướu 2: Cao trung bình, nằm sau Bướu 1 và Bướu 3 (Cao 3) ---
600 53 10 6000300
600 53 9 6000321
600 53 8 6000311

600 54 10 6000300
600 54 9 6000322
600 54 8 6000312

# --- Bướu 3: Thấp, nằm phía trước (Cao 2) ---
600 55 10 6000321
600 55 9 6000311

600 56 10 6000322
600 56 9 6000312

# --- Bướu 4: Cao, nằm sau Bướu 3 và Bướu 5 (Cao 5) ---
600 57 10 6000300
600 57 9 6000300
600 57 8 6000321
600 57 7 6000321
600 57 6 6000311

600 58 10 6000300
600 58 9 6000300
600 58 8 6000322
600 58 7 6000322
600 58 6 6000312

# --- Bướu 5: Cao nhất đỉnh chóp, nằm trước Bướu 4 (Cao 7) ---
600 59 10 6000321
600 59 9 6000321
600 59 8 6000321
600 59 7 6000321
600 59 6 6000321
600 59 5 6000321
600 59 4 6000311

600 60 10 6000300
600 60 9 6000300
600 60 8 6000322
600 60 7 6000322
600 60 6 6000322
600 60 5 6000322
600 60 4 6000312

# --- Bướu 6: Thấp, nằm ngoài cùng bên phải, che 1 phần Bướu 5 (Cao 2) ---
600 61 10 6000321
600 61 9 6000311

600 62 10 6000322
600 62 9 6000312