# id	left	top	right	bottom	texture_id
# list of object assets to load in this scene
[ASSETS]
mario.txt
brick.txt
coin.txt
mushroom.txt
leaf.txt
goomba.txt
koopa.txt
cloud.txt
stage1_assets.txt
question_block.txt
note_block.txt
pipe.txt
HUD.txt
power_up.txt
HUD.txt
effect.txt
goal.txt
goalblock.txt
stage2_assets.txt
piranha-fire.txt
stage3_assets.txt

[MAP_INFO]
100

[CAMERA_ZONES]
-1 1 165 14.5
165 5 999 14.5


[GRID_OBJECTS]
# type x y extra_settings per object type
# type: 0 = Mario , 1 = Brick, 2 = Goomba, 3 = Koopas
# See OBJECT_TYPE constants in AssetIDs.h

# MARIO
0 1 10

#GROUND
601 0 12 16 16 79 9 60111 60112 60113 60121 60122 60123

601 80 12 16 16 9 3 60111 60112 60113 60121 60122 60123

601 90 12 16 16 79 9 60111 60112 60113 60121 60122 60123

# CLOUD 60005
#1
600 8 6 6000511
600 9 6 6000512
600 10 6 6000512
600 11 6 6000513
600 8 7 6000521
600 9 7 6000522
600 10 7 6000522
600 11 7 6000523

#2
600 33 2 6000511
600 34 2 6000512
600 35 2 6000513
600 33 3 6000521
600 34 3 6000522
600 35 3 6000523

# SEMI-SOLID PLATFORM
# id, x y, sprite_w_h, cellsize_x y, tl tc tr ml mc mr bl bc br, st sm sb
701	16 9	16 16	5 2		7010041	7010042	7010043 701000 701000 701000 701000 701000 701000			701000 701000 701000	# bottom shadow for blue block
701	16 7	16 16	4 2		7010211 7010212 7010213 7010221 7010222 7010223 7010231 7010232 7010233		7010014 7010024 7010024	
701	13 10	16 16	4 2		7010111 7010112 7010113 7010121 7010122 7010123 7010131 7010132 7010133		7010014 7010024 7010024

# SMALL TREE 1
#1
600 5 11 6000200
600	6 11 6000200
600 7 11 6000200
600 8 11 6000200

#2
600 35 11 6000200
600 36 11 6000200

# TREE
#1
600 26 11 6000121
600 26 10 6000121
600 26 9 6000121
600 26 8 6000111

600 27 11 6000100
600 27 10 6000100
600 27 9 6000100
600 27 8 6000132
600 27 7 6000111

600 28 11 6000100
600 28 10 6000100
600 28 9 6000100
600 28 8 6000100
600 28 7 6000132
600 28 6 6000121
600 28 5 6000121
600 28 4 6000111

600 29 11 6000100
600 29 10 6000100
600 29 9 6000100
600 29 8 6000100
600 29 7 6000100
600 29 6 6000100
600 29 5 6000131
600 29 4 6000112

600 30 11 6000100
600 30 10 6000131
600 30 9 6000122
600 30 8 6000122
600 30 7 6000122
600 30 6 6000122
600 30 5 6000112

600 31 11 6000122
600 31 10 6000112

#2
600	50 11 6000121
600 50 10 6000121
600 50 9 6000121
600 50 8 6000111

600 51 11 6000100
600 51 10 6000100
600 51 9 6000100
600 51 8 6000132
600 51 7 6000111

600 52 11 6000100
600 52 10 6000100
600 52 9 6000100
600 52 8 6000100
600 52 7 6000132
600 52 6 6000121
600 52 5 6000121
600 52 4 6000111

600 53 11 6000100
600 53 10 6000100
600 53 9 6000100
600 53 8 6000100
600 53 7 6000100
600 53 6 6000100
600 53 5 6000131
600 53 4 6000112

600 54 11 6000100
600 54 10 6000131
600 54 9 6000122
600 54 8 6000122
600 54 7 6000122
600 54 6 6000122
600 54 5 6000112

600 55 11 6000122
600 55 10 6000112

#3
600 83 11 6000121
600 83 10 6000121
600 83 9 6000121
600 83 8 6000111

600 84 11 6000100
600 84 10 6000100
600 84 9 6000100
600 84 8 6000132
600 84 7 6000111

600 85 11 6000100
600 85 10 6000100
600 85 9 6000100
600 85 8 6000100
600 85 7 6000132
600 85 6 6000121
600 85 5 6000121
600 85 4 6000111

600 86 11 6000100
600 86 10 6000100
600 86 9 6000100
600 86 8 6000100
600 86 7 6000100
600 86 6 6000100
600 86 5 6000131
600 86 4 6000112

600 87 11 6000100
600 87 10 6000131
600 87 9 6000122
600 87 8 6000122
600 87 7 6000122
600 87 6 6000122
600 87 5 6000112

600 88 11 6000122
600 88 10 6000112

# WOOD-BLOCK
300	98	11	30001
300	99	11	30001
300	100	11	30001
300	99	10	30001
300	100	10	30001
300	100	9	30001

300	104	11	30001
300	105	11	30001
300	106	11	30001
300	104	10	30001
300	105	10	30001
300	104	9	30001




