[ASSETS]
mario.txt
brick.txt
coin.txt
mushroom.txt
leaf.txt
goomba.txt
koopa.txt
cloud.txt
stage1_assets.txt
question_block.txt
note_block.txt
pipe.txt
HUD.txt
power_up.txt
HUD.txt
effect.txt
goal.txt
goalblock.txt

[MAP_INFO]
31.5

[CAMERA_ZONES]
-1 1.5 31.5 14.5


[GRID_OBJECTS]
# type x y extra_settings per object type
# type: 0 = Mario , 1 = Brick, 2 = Goomba, 3 = Koopas
# See OBJECT_TYPE constants in AssetIDs.h

# MARIO
0 8.5 0

#GROUND
601 0 0	16	16	8	11	60200 60200 60200 60200 60200 60200

601 0 11 16 16 39 6 60200 60200 60200 60200 60200 60200
601 0 0 16 16 39 2 60200 60200 60200 60200 60200 60200

601 16 10 16 16 20 1 60200 60200 60200 60200 60200 60200
601 17 9 16 16 20 1 60200 60200 60200 60200 60200 60200
601 18 8 16 16 20 1 60200 60200 60200 60200 60200 60200
601 19 7 16 16 20 1 60200 60200 60200 60200 60200 60200
601 20 6 16 16 20 1 60200 60200 60200 60200 60200 60200
601 21 5 16 16 20 1 60200 60200 60200 60200 60200 60200

601 24 -1 16 16 20 6 60200 60200 60200 60200 60200 60200


# PIPE
# id x y, sprite size wh, tl tr ml mr bl br, block, target_scene
702 8 0	16 16	3	70251 70252 70251 70252 70261 70262	0
702 22 0	16 16	3	70251 70252 70251 70252 70261 70262	1	2


## BACKGROUND
### đen thui dọc
600 8 -33 69901
600 8 -22 69901
600 8 -11 69901
600 8 0 69901
600 8 11 69901
### đen thui dọc
600 9 -33 69901
600 9 -22 69901
600 9 -11 69901
600 9 0 69901
600 9 11 69901
### đen thui dọc
600 10 -33 69901
600 10 -22 69901
600 10 -11 69901
600 10 0 69901
600 10 11 69901
### đen thui dọc
600 11 -33 69901
600 11 -22 69901
600 11 -11 69901
600 11 0 69901
600 11 11 69901
### đen thui dọc
600 12 -33 69901
600 12 -22 69901
600 12 -11 69901
600 12 0 69901
600 12 11 69901
### đen thui dọc
600 13 -33 69901
600 13 -22 69901
600 13 -11 69901
600 13 0 69901
600 13 11 69901
### đen thui dọc
600 14 -33 69901
600 14 -22 69901
600 14 -11 69901
600 14 0 69901
600 14 11 69901
### đen thui dọc
600 15 -33 69901
600 15 -22 69901
600 15 -11 69901
600 15 0 69901
600 15 11 69901
### đen thui dọc
600 16 -33 69901
600 16 -22 69901
600 16 -11 69901
600 16 0 69901
600 16 11 69901
### đen thui dọc
600 17 -33 69901
600 17 -22 69901
600 17 -11 69901
600 17 0 69901
600 17 11 69901
### đen thui dọc
600 18 -33 69901
600 18 -22 69901
600 18 -11 69901
600 18 0 69901
600 18 11 69901
### đen thui dọc
600 19 -33 69901
600 19 -22 69901
600 19 -11 69901
600 19 0 69901
600 19 11 69901
### đen thui dọc
600 20 -33 69901
600 20 -22 69901
600 20 -11 69901
600 20 0 69901
600 20 11 69901
### đen thui dọc
600 21 -33 69901
600 21 -22 69901
600 21 -11 69901
600 21 0 69901
600 21 11 69901
### đen thui dọc
600 22 -33 69901
600 22 -22 69901
600 22 -11 69901
600 22 0 69901
600 22 11 69901
### đen thui dọc
600 23 -33 69901
600 23 -22 69901
600 23 -11 69901
600 23 0 69901
600 23 11 69901


### COINS 
401	13	8
401	14	9
401	15	9
401	16	8
401	16	7
401	14	6
401	15	6
401	16	5
401	16	4
401	14	3
401	15	3
401	13	4