# id	left	top	right	bottom	texture_id
# list of object assets to load in this scene
[ASSETS]
mario.txt
brick.txt
coin.txt
mushroom.txt
leaf.txt
goomba.txt
koopa.txt
cloud.txt
question_block.txt
note_block.txt
pipe.txt
HUD.txt
power_up.txt
HUD.txt
effect.txt
goal.txt
goalblock.txt
boomerang-bro.txt
stage1_assets.txt
stage4_assets.txt

[MAP_INFO]
-0.5 126.5 0.025

[CAMERA_ZONES]
-1 1.5 999 14.5

[GRID_OBJECTS]
# type x y extra_settings per object type
# type: 0 = Mario , 1 = Brick, 2 = Goomba, 3 = Koopas
# See OBJECT_TYPE constants in AssetIDs.h

# MARIO
0 3 5

# GROUND
601 0 8 16 16 10 9 64111 64112 64113 64121 64122 64123

# SMALL TREE
600 4 7 6000200
600 5 7 6000200
600 6 7 6000200
600 7 7 6000200
600 8 7 6000200

# BRICK B
# 1 = switch, 2 = mushroom, 3 = 1up, 4=coins
# COINS C
# LIFT L
# x y cwidth cheight length l r m

#B1
301	14 8
301	15 8
301	16 8
301	17 8

#B2
301	24 7
301	25 7
301	26 7
301	27 7
301	28 7

#L1
704 24 6 16 16 3 70401 70402 70403

#C1
401 21 5
401 22 5
401 23 5

401 26 3
401 27 3
401 28 3

#B3
301	38 4
301	39 4
301	40 4 3
301	41 4

301	40 9
301	41 9

#L2
704 36 8 16 16 3 70401 70402 70403
704 38 5 16 16 3 70401 70402 70403
704 40 10 16 16 3 70401 70402 70403
704 48 7 16 16 3 70401 70402 70403

#B4
301 47 9
301 47 8
301 47 7
301 47 6
301 48 9
301 49 9
301 50 9

#C2
401 48 5
401 49 5
401 50 5

401 53 3
401 54 3
401 55 3

#B5
301 54 7
301 54 8
301 54 9
301 54 10
301 55 10
301 56 10

#B6
301 58 8
301 58 7
301 59 8 2

301 59 11
301 60 11
301 61 11
301 62 11

301 62 8 4
301 63 8
301 64 8
301 65 8
301 66 8

#KOOPA
202 66 6 1

#L3
704 68 10 16 16 3 70401 70402 70403
704 75 6 16 16 3 70401 70402 70403

#B7
301 71 10
301 72 10
301 73 10
301 74 10
301 75 10

301 73 5
301 74 5
301 75 5
301 76 5
301 76 4 3

301 78 9
301 79 9

#C3
401 82 4
401 83 4
401 84 4

#B8
301 86 5
301 87 5
301 88 5

#L4
704 86 8 16 16 3 70401 70402 70403
704 87 7 16 16 3 70401 70402 70403

#C4 
401 93 3
401 93 4
401 93 5
401 93 6
401 93 7
401 93 8
401 93 9
401 93 10

#B9
301 95 4 4
301 95 5

301 95 9
301 95 10
301 95 11
301 96 11
301 97 11
301 98 11

#L5
704 97 5 16 16 3 70401 70402 70403

#B10
301 107 4
301 107 5
301 107 6

301 110 9
301 111 9
301 112 9

#L6
704 107 10 16 16 3 70401 70402 70403
704 111 7 16 16 3 70401 70402 70403
704 112 12 16 16 3 70401 70402 70403

#C5
401 117 5
401 118 5
401 119 5

# KOOPA TROOPA
213 116 7 1

#GROUND END
601 119 11 16 16 8 3 65111 65112 65113 65121 65122 65123
601 122 9 16 16 3 2 64111 64112 64113 64121 64122 64123

#PIPE
702 120 7	16 16	4	70211 70212 70221 70222 70221 70222 1 41

#KOOPA
202 123 7 1

#WOOD BLOCK
300	126 1 30001
300	126 2 30001
300	126 3 30001
300	126 4 30001
300	126 5 30001
300	126 6 30001
300	126 7 30001
300	126 8 30001
300	126 9 30001
300	126 10 30001
