# list of object assets to load in this scene
[ASSETS]
mario.txt
brick.txt
coin.txt
mushroom.txt
leaf.txt
goomba.txt
paragoomba.txt
koopa.txt
cloud.txt
stage1_assets.txt
question_block.txt
note_block.txt
pipe.txt
HUD.txt
power_up.txt
HUD.txt
effect.txt
goal.txt
goalblock.txt
switch.txt
piranha-fire.txt


[MAP_INFO]
175.5

[CAMERA_ZONES]
-1 1.5 60 14.5
60 -12.5 999 0
60 1.5 999 14.5

[BGM]
bgm_stage1


[GRID_OBJECTS]
# type x y extra_settings per object type
# type: 0 = Mario , 1 = Brick, 2 = Goomba, 3 = Koopas
# See OBJECT_TYPE constants in AssetIDs.h

# MARIO
0 2 10

#GROUND
601 0 12 16 16 39 6 60111 60112 60113 60121 60122 60123

# TREE OPEN
600 1 11 6000121
600 1 10 6000121
600 1 9 6000111

600 2 11 6000100
600 2 10 6000131
600 2 9 6000132
600 2 8 6000111

600 3 11 6000100
600 3 10 6000132
600 3 9 6000122
600 3 8 6000112

600 4 11 6000100
600 4 10 6000100
600 4 9 6000111

600 5 11 6000131
600 5 10 6000122
600 5 9 6000112

600 6 11 6000132
600 6 10 6000121
600 6 9 6000111

600 7 11 6000100
600 7 10 6000131
600 7 9 6000112

600 8 11 6000122
600 8 10 6000112

# SMALL TREE 1
600 10 11 6000200
600 11 11 6000200
600 12 11 6000200

# CLOUD 1
600 7 4 6000321
600 7 3 6000311
600 8 4 6000322
600 8 3 6000312
600 9 4 6000322
600 9 3 6000312
600 10 4 6000323
600 10 3 6000313

# QUESTION BLOCK
### id_coin	x	y	contained_time_id
### 0 - coin, 1 - mushroom/leaf/fire, 2 - 1-up mushroom
302	11	8	0
302	12	8	0
302	14	5	0
302	15	5	1

2    15    11

# SEMI-SOLID PLATFORM
# id, x y, sprite_h w, cellsize_x y, tl tc tr ml mc mr bl bc br, st sm sb
701	17 7	16 16	3 5		7010211 7010212 7010213 7010221 7010222 7010223 7010231 7010232 7010233		7010014 7010024 7010024

701	15 9	16 16	3 3		7010111 7010112 7010113 7010121 7010122 7010123 7010131 7010132 7010133		7010014 7010024 7010234

# PIPE - HOA
# id x y, sprite size wh, tl tr ml mr
702 22 9	16 16	3	70211 70212 70221 70222 70221 70222	1 11 213 32

# CLOUD ABOVE PIPE
600 20 4 6000321
600 20 3 6000311
600 21 4 6000322
600 21 3 6000312
600 22 4 6000323
600 22 3 6000313

# SEMI-SOLID PLATFORM
# id, x y, sprite_w_h, cellsize_x y, tl tc tr ml mc mr bl bc br, st sm sb
701	32 5	16 16	4 7		7010411 7010412 7010413 7010421 7010422 7010423 7010431 7010432 7010433		7010014 7010024 7010024

701	29 7	16 16	4 5		7010111 7010112 7010113 7010121 7010122 7010123 7010131 7010132 7010133		7010014 7010024 7010024

701	25 9	16 16	5 3		7010311 7010312 7010313 7010321 7010322 7010323 7010331 7010332 7010333		7010014 7010024 7010134

701	32 10	16 16	6 2		7010311 7010312 7010313 7010321 7010322 7010323 7010331 7010332 7010333		7010014 7010024 7010024

#GOOMBA
2 33 11

#KOOPA
202 36 8	1	

# QUESTION
### id_coin	x	y	contained_time_id
### 0 - coin, 1 - mushroom/leaf/fire, 2 - 1-up mushroom
302	26	6	0

#GROUND
601 39 11 16 16 29 6 60111 60112 60113 60121 60122 60123

# QUESTION
302	41	10	1
302	44	8	0

# CLOUD ABOVE QUESTION BLOCK
600 40 4 6000321
600 40 3 6000311
600 41 4 6000322
600 41 3 6000312
600 42 4 6000323
600 42 3 6000313

#SMALL TREE
600 42 10 6000200
600 43 10 6000200
600 44 10 6000200
600 45 10 6000200
600 46 10 6000200
600 47 10 6000200

# CLOUD ABOVE TREES
600 45 6 6000321
600 45 5 6000311
600 46 6 6000322
600 46 5 6000312
600 47 6 6000322
600 47 5 6000312
600 48 6 6000322
600 48 5 6000312
600 49 6 6000323
600 49 5 6000313

# GOOMBA
2 52 10
2 55 10
201 59 10

# TREE 2
600 51 10 6000111
600 52 10 6000132
600 52 9 6000121
600 52 8 6000111

600 53 10 6000100
600 53 9 6000131
600 53 8 6000112

600 54 10 6000100
600 54 9 6000132
600 54 8 6000111

600 55 10 6000100
600 55 9 6000131
600 55 8 6000132
600 55 7 6000111

600 56 10 6000100
600 56 9 6000132
600 56 8 6000122
600 56 7 6000112

600 57 10 6000100
600 57 9 6000100
600 57 8 6000111

600 58 10 6000122
600 58 9 6000122
600 58 8 6000112

600 59 10 6000111
600 60 10 6000132
600 60 9 6000121
600 60 8 6000111

600 61 10 6000100
600 61 9 6000131
600 61 8 6000112

600 62 10 6000122
600 62 9 6000112

#SMALL TREE
600 65 10 6000200
600 66 10 6000200

#GROUND
601 72 12 16 16 22 6 60111 60112 60113 60121 60122 60123

#SMALL TREE
600 74 11 6000200
600 75 11 6000200
600 76 11 6000200

#CLOUD ABOVE TREE
600 73 4 6000321
600 73 3 6000311
600 74 4 6000322
600 74 3 6000312
600 75 4 6000323
600 75 3 6000313

# SEMI-SOLID PLATFORM
# id, x y, sprite_w_h, cellsize_x y, tl tc tr ml mc mr bl bc br, st sm sb
701	83 6	16 16	7 6		7010211 7010212 7010213 7010221 7010222 7010223 7010231 7010232 7010233		7010014 7010024 7010024
701	81 8	16 16	7 4		7010111 7010112 7010113 7010121 7010122 7010123 7010131 7010132 7010133		7010014 7010024 7010234
701	79 10	16 16	7 2		7010311 7010312 7010313 7010321 7010322 7010323 7010331 7010332 7010333		7010014 7010024 7010134

#KOOPA BAY
213 83 4	0
213 86 4	0
213 89 4	0
202 92 10	0

# QUESTION
### id_coin	x	y	contained_time_id
### 0 - coin, 1 - mushroom/leaf/fire, 2 - 1-up mushroom
302	92	9	1

# WOOD BLOCK
300 94 7	30001
300 95 7	30001

#GROUND
601 96 12 16 16 5 6 60111 60112 60113 60121 60122 60123

# WOOD-BLOCK
300	98	11	30001
300	99	11	30001
300	100	11	30001
300	99	10	30001
300	100	10	30001
300	100	9	30001

300	104	11	30001
300	105	11	30001
300	106	11	30001
300	104	10	30001
300	105	10	30001
300	104	9	30001

# GROUND
601 104 12 16 16 36 6 60111 60112 60113 60121 60122 60123

# CLOUD ABOVE WOOD BLOCK
600 103 4 6000321
600 103 3 6000311
600 104 4 6000322
600 104 3 6000312
600 105 4 6000322
600 105 3 6000312
600 106 4 6000322
600 106 3 6000312
600 107 4 6000323
600 107 3 6000313

# SMALL TREE
600 108 11 6000200
600 109 11 6000200
600 110 11 6000200


# PIPE
# id x y, sprite size wh, tl tr ml mr
702 112 10	16 16	2	70211 70212 70221 70222 70221 70222 1 0 223 24
702 116 9	16 16	3	70211 70212 70221 70222 70221 70222 1 0 233 24

# TREE
600 118 11 6000111
600 119 11 6000132
600 119 10 6000121
600 119 9 6000111

600 120 11 6000100
600 120 10 6000131
600 120 9 6000112

600 121 11 6000122
600 121 10 6000112

# BRICK
# id x y spawn item
# 0/none = NONE, 1 = P-SWITCH, 2 = MUSHROOM, 3 = ONE UP MUSHROOM, 4 = COIN
301 122 11
301 123 11
301 124 11
301 125 11
301 126 11
301 127 11
301 128 11
301 123 10
301 124 10
301 125 10
301 126 10
301 127 10
301 124 9
301 125 9
301 126 9
301 127 9 1 0 # P-SWITCH brick to coin
301 131 11
301 131 10
301 132 11

#KOOPA
202 131 8	1

# SEMI-SOLID PLATFORM
701	136 3	16 16	3 9		7010311 7010312 7010313 7010321 7010322 7010323 7010331 7010332 7010333		7010014 7010024 7010024
701	134 9	16 16	3 3		7010111 7010112 7010113 7010121 7010122 7010123 7010131 7010132 7010133		7010014 7010024 7010334

# PIPE
# id x y, sprite size wh, tl tr ml mr
702 141 10	16 16	2	70221 70222 70221 70222 70221 70222 1

# PIPE
# id x y, sprite size wh, tl tr ml mr
702 145 10	16 16	2	70211 70212 70221 70222 70221 70222	1 999

300	141 9	30001
300	142 9	30001
300	141 5	30001
300	142 5	30001

702 141 -8	16 16	13	70211 70212 70221 70222 70221 70222 1

# GROUND
601 141 12 16 16 50 6 60111 60112 60113 60121 60122 60123

# CLOUD 
600 145 5 6000321
600 145 4 6000311
600 146 5 6000322
600 146 4 6000312
600 147 5 6000323
600 147 4 6000313

#TREE
600 148 11 6000121
600 148 10 6000121
600 148 9 6000121
600 148 8 6000111

600 149 11 6000100
600 149 10 6000100
600 149 9 6000100
600 149 8 6000132
600 149 7 6000111

600 150 11 6000100
600 150 10 6000100
600 150 9 6000100
600 150 8 6000100
600 150 7 6000132
600 150 6 6000121
600 150 5 6000121
600 150 4 6000111

600 151 11 6000100
600 151 10 6000100
600 151 9 6000100
600 151 8 6000100
600 151 7 6000100
600 151 6 6000100
600 151 5 6000131
600 151 4 6000112

600 152 11 6000100
600 152 10 6000131
600 152 9 6000122
600 152 8 6000122
600 152 7 6000122
600 152 6 6000122
600 152 5 6000112

600 153 11 6000122
600 153 10 6000112


################################## SKY SECTION ##################################


#COINS TO THE SKY
401 67 6
401 69 4
401 71 2
401 73 0
401 75 -2

# SEMI-SOLID PLATFORM
# id, x y, sprite_w_h, cellsize_x y, tl tc tr ml mc mr bl bc br, st sm sb
701	82 -5	16 16	4 2		7010111 7010112 7010113 7010121 7010122 7010123 7010131 7010132 7010133		7010014 7010024 7010024
600 82 -3 7010041
600 83 -3 7010042
600 84 -3 7010042
600 85 -3 7010042
600 86 -3 7010043

# BRICK
301 90 -6 3

# SOLID CLOUD
300 88 -2 30002
300 89 -2 30002
300 90 -2 30002
300 91 -2 30002

300 93 -3 30002
300 94 -3 30002
300 95 -3 30002
300 96 -3 30002
300 97 -3 30002
300 98 -3 30002
300 99 -3 30002
300 100 -3 30002
300 101 -3 30002
300 102 -3 30002
300 103 -3 30002
300 104 -3 30002
300 105 -3 30002

# COINS
401 83 -9
401 84 -9
401 85 -9

401 92 -7
401 93 -7

401 96 -6
401 97 -6
401 98 -6
401 99 -6

401 101 -7
401 102 -7
401 103 -7
401 104 -7

401 106 -5
401 108 -7
401 110 -6 
401 113 -8
401 115 -6


###### GOAL
## Black bg
600 155 -33 69900
600 155 -22 69900
600 155 -11 69900
600 155 0 69900
600 155 11 69900

### đen thui dọc
600 156 -33 69901
600 156 -22 69901
600 156 -11 69901
600 156 0 69901
600 156 11 69901

### đen thui dọc
600 157 -33 69901
600 157 -22 69901
600 157 -11 69901
600 157 0 69901
600 157 11 69901

### đen thui dọc
600 158 -33 69901
600 158 -22 69901
600 158 -11 69901
600 158 0 69901
600 158 11 69901

### đen thui dọc
600 159 -33 69901
600 159 -22 69901
600 159 -11 69901
600 159 0 69901
600 159 11 69901

### đen thui dọc
600 160 -33 69901
600 160 -22 69901
600 160 -11 69901
600 160 0 69901
600 160 11 69901

### đen thui dọc
600 161 -33 69901
600 161 -22 69901
600 161 -11 69901
600 161 0 69901
600 161 11 69901

### đen thui dọc
600 162 -33 69901
600 162 -22 69901
600 162 -11 69901
600 162 0 69901
600 162 11 69901

### đen thui dọc
600 163 -33 69901
600 163 -22 69901
600 163 -11 69901
600 163 0 69901
600 163 11 69901

### đen thui dọc
600 164 -33 69901
600 164 -22 69901
600 164 -11 69901
600 164 0 69901
600 164 11 69901

### đen thui dọc
600 165 -33 69901
600 165 -22 69901
600 165 -11 69901
600 165 0 69901
600 165 11 69901

### đen thui dọc
600 166 -33 69901
600 166 -22 69901
600 166 -11 69901
600 166 0 69901
600 166 11 69901

### đen thui dọc
600 167 -33 69901
600 167 -22 69901
600 167 -11 69901
600 167 0 69901
600 167 11 69901

### đen thui dọc
600 168 -33 69901
600 168 -22 69901
600 168 -11 69901
600 168 0 69901
600 168 11 69901

### đen thui dọc
600 169 -33 69901
600 169 -22 69901
600 169 -11 69901
600 169 0 69901
600 169 11 69901

### đen thui dọc
600 170 -33 69901
600 170 -22 69901
600 170 -11 69901
600 170 0 69901
600 170 11 69901

### đen thui dọc
600 171 -33 69901
600 171 -22 69901
600 171 -11 69901
600 171 0 69901
600 171 11 69901

### đen thui dọc
600 172 -33 69901
600 172 -22 69901
600 172 -11 69901
600 172 0 69901
600 172 11 69901

### đen thui dọc
600 173 -33 69901
600 173 -22 69901
600 173 -11 69901
600 173 0 69901
600 173 11 69901

### đen thui dọc
600 174 -33 69901
600 174 -22 69901
600 174 -11 69901
600 174 0 69901
600 174 11 69901

### đen thui dọc
600 175 -33 69901
600 175 -22 69901
600 175 -11 69901
600 175 0 69901
600 175 11 69901

### đen thui dọc
600 176 -33 69901
600 176 -22 69901
600 176 -11 69901
600 176 0 69901
600 176 11 69901

### đen thui dọc
600 177 -33 69901
600 177 -22 69901
600 177 -11 69901
600 177 0 69901
600 177 11 69901

### đen thui dọc
600 178 -33 69901
600 178 -22 69901
600 178 -11 69901
600 178 0 69901
600 178 11 69901

### đen thui dọc
600 179 -33 69901
600 179 -22 69901
600 179 -11 69901
600 179 0 69901
600 179 11 69901

### đen thui dọc
600 180 -33 69901
600 180 -22 69901
600 180 -11 69901
600 180 0 69901
600 180 11 69901

### đen thui dọc
600 181 -33 69901
600 181 -22 69901
600 181 -11 69901
600 181 0 69901
600 181 11 69901

### đen thui dọc
600 182 -33 69901
600 182 -22 69901
600 182 -11 69901
600 182 0 69901
600 182 11 69901

### đen thui dọc
600 183 -33 69901
600 183 -22 69901
600 183 -11 69901
600 183 0 69901
600 183 11 69901

### đen thui dọc
600 184 -33 69901
600 184 -22 69901
600 184 -11 69901
600 184 0 69901
600 184 11 69901

### đen thui dọc
600 185 -33 69901
600 185 -22 69901
600 185 -11 69901
600 185 0 69901
600 185 11 69901

### đen thui dọc
600 186 -33 69901
600 186 -22 69901
600 186 -11 69901
600 186 0 69901
600 186 11 69901

### đen thui dọc
600 187 -33 69901
600 187 -22 69901
600 187 -11 69901
600 187 0 69901
600 187 11 69901

### đen thui dọc
600 188 -33 69901
600 188 -22 69901
600 188 -11 69901
600 188 0 69901
600 188 11 69901

### đen thui dọc
600 189 -33 69901
600 189 -22 69901
600 189 -11 69901
600 189 0 69901
600 189 11 69901

### đen thui dọc
600 190 -33 69901
600 190 -22 69901
600 190 -11 69901
600 190 0 69901
600 190 11 69901

### đen thui dọc
600 191 -33 69901
600 191 -22 69901
600 191 -11 69901
600 191 0 69901
600 191 11 69901

### đen thui dọc
600 192 -33 69901
600 192 -22 69901
600 192 -11 69901
600 192 0 69901
600 192 11 69901

### đen thui dọc
600 193 -33 69901
600 193 -22 69901
600 193 -11 69901
600 193 0 69901
600 193 11 69901

### đen thui dọc
600 194 -33 69901
600 194 -22 69901
600 194 -11 69901
600 194 0 69901
600 194 11 69901

### đen thui dọc
600 195 -33 69901
600 195 -22 69901
600 195 -11 69901
600 195 0 69901
600 195 11 69901

### đen thui dọc
600 196 -33 69901
600 196 -22 69901
600 196 -11 69901
600 196 0 69901
600 196 11 69901

### đen thui dọc
600 197 -33 69901
600 197 -22 69901
600 197 -11 69901
600 197 0 69901
600 197 11 69901

### đen thui dọc
600 198 -33 69901
600 198 -22 69901
600 198 -11 69901
600 198 0 69901
600 198 11 69901

### đen thui dọc
600 199 -33 69901
600 199 -22 69901
600 199 -11 69901
600 199 0 69901
600 199 11 69901

### đen thui dọc
600 200 -33 69901
600 200 -22 69901
600 200 -11 69901
600 200 0 69901
600 200 11 69901


#### ================== GOAL BLOCK ==================
#### goal bg
600 168 6 69991
309 168 7