# id	left	top	right	bottom	texture_id
# list of object assets to load in this scene
[ASSETS]
mario.txt
brick.txt
coin.txt
mushroom.txt
leaf.txt
goomba.txt
koopa.txt
cloud.txt
stage1_assets.txt
question_block.txt
note_block.txt
pipe.txt
HUD.txt
power_up.txt
HUD.txt
effect.txt
goal.txt
goalblock.txt
stage2_assets.txt
piranha-fire.txt
stage3_assets.txt

[MAP_INFO]
56.5

[CAMERA_ZONES]
-1 1 165 14.5
165 5 999 14.5


[GRID_OBJECTS]
# type x y extra_settings per object type
# type: 0 = Mario , 1 = Brick, 2 = Goomba, 3 = Koopas
# See OBJECT_TYPE constants in AssetIDs.h

# MARIO
0 1 10

#GROUND
# Y = 12
#Lop may dung duoc
601 0 12 16 16 85 9 6000601	6000601	6000601	6000601	6000601	6000601
601 85 12 16 16 9 3 6000601	6000601	6000601	6000601	6000601	6000601




# do nen trang lop may dung duoc
600 0 12 6000602
600 1 12 6000602
600 2 12 6000602
600 3 12 6000602
600 4 12 6000602
600 5 12 6000602
600 6 12 6000602
600 7 12 6000602
600 8 12 6000602
600 9 12 6000602
600 10 12 6000602
600 11 12 6000602
600 12 12 6000602
600 13 12 6000602
600 14 12 6000602
600 15 12 6000602
600 16 12 6000602
600 17 12 6000602
600 18 12 6000602
600 19 12 6000602
600 20 12 6000602
600 21 12 6000602
600 22 12 6000602
600 23 12 6000602
600 24 12 6000602
600 25 12 6000602
600 26 12 6000602
600 27 12 6000602
600 28 12 6000602
600 29 12 6000602
600 30 12 6000602
600 31 12 6000602
600 32 12 6000602
600 33 12 6000602
600 34 12 6000602
600 35 12 6000602
600 36 12 6000602
600 37 12 6000602
600 38 12 6000602
600 39 12 6000602
600 40 12 6000602
600 41 12 6000602
600 42 12 6000602
600 43 12 6000602
600 44 12 6000602
600 45 12 6000602
600 46 12 6000602
600 47 12 6000602
600 48 12 6000602
600 49 12 6000602
600 50 12 6000602
600 51 12 6000602
600 52 12 6000602
600 53 12 6000602
600 54 12 6000602
600 55 12 6000602
600 56 12 6000602

#Background clouds
# Y = 11
# do nen trang lop may thu 2
600 0 11 6000602
600 1 11 6000602
600 2 11 6000602
600 3 11 6000602
600 4 11 6000602
600 5 11 6000602
600 6 11 6000602
600 7 11 6000602
600 8 11 6000602
600 9 11 6000602
600 10 11 6000602
600 11 11 6000602
600 12 11 6000602
600 13 11 6000602
600 14 11 6000602
600 15 11 6000602
600 16 11 6000602
600 17 11 6000602
600 18 11 6000602
600 19 11 6000602
600 20 11 6000602
600 21 11 6000602
600 22 11 6000602
600 23 11 6000602
600 24 11 6000602
600 25 11 6000602
600 26 11 6000602
600 27 11 6000602
600 28 11 6000602
600 29 11 6000602
600 30 11 6000602
600 31 11 6000602
600 32 11 6000602
600 33 11 6000602
600 34 11 6000602
600 35 11 6000602
600 36 11 6000602
600 37 11 6000602
600 38 11 6000602
600 39 11 6000602
600 40 11 6000602
600 41 11 6000602
600 42 11 6000602
600 43 11 6000602
600 44 11 6000602
600 45 11 6000602
600 46 11 6000602
600 47 11 6000602
600 48 11 6000602
600 49 11 6000602
600 50 11 6000602
600 51 11 6000602
600 52 11 6000602
600 53 11 6000602
600 54 11 6000602
600 55 11 6000602
600 56 11 6000602

# Lop may thu 2
600 0 11 6000603
600 0 11 6000603
600 1 11 6000603
600 2 11 6000603
600 3 11 6000603
600 4 11 6000603
600 5 11 6000603
600 6 11 6000603
600 7 11 6000603
600 8 11 6000603
600 9 11 6000606
600 10 11 6000604
600 11 11 6000604
600 12 11 6000604
600 13 11 6000604
600 14 11 6000604
600 15 11 6000604
600 16 11 6000604
600 17 11 6000604
600 18 11 6000604
600 19 11 6000604
600 20 11 6000604
600 21 11 6000604
600 22 11 6000604
600 23 11 6000604
600 24 11 6000604
600 25 11 6000604
600 26 11 6000604
600 27 11 6000604
600 28 11 6000604
600 29 11 6000604
600 30 11 6000604
600 31 11 6000604
600 32 11 6000604
600 33 11 6000604
600 34 11 6000604
600 35 11 6000604
600 36 11 6000604
600 37 11 6000604
600 38 11 6000604
600 39 11 6000604
600 40 11 6000604
600 41 11 6000604
600 42 11 6000604
600 43 11 6000604
600 44 11 6000604
600 45 11 6000604
600 46 11 6000604
600 47 11 6000604
600 48 11 6000604
600 49 11 6000604
600 50 11 6000605
600 51 11 6000603
600 52 11 6000603
600 53 11 6000603
600 54 11 6000603
600 55 11 6000603
600 56 11 6000603

# Y = 10
# do xanh nen
600 0 10 6000607
600 1 10 6000607
600 2 10 6000607
600 3 10 6000607
600 4 10 6000607
600 5 10 6000607
600 6 10 6000607
600 7 10 6000607
600 8 10 6000607
600 9 10 6000602
600 9 10 6000608
600 10 10 6000602
600 11 10 6000602
600 12 10 6000602
600 13 10 6000602
600 14 10 6000602
600 15 10 6000602
600 16 10 6000602
600 17 10 6000602
600 18 10 6000602
600 19 10 6000602
600 20 10 6000602
600 21 10 6000602
600 22 10 6000602
600 23 10 6000602
600 24 10 6000602
600 25 10 6000602
600 26 10 6000602
600 27 10 6000602
600 28 10 6000602
600 29 10 6000602
600 30 10 6000602
600 31 10 6000602
600 32 10 6000602
600 33 10 6000602
600 34 10 6000602
600 35 10 6000602
600 36 10 6000602
600 37 10 6000602
600 38 10 6000602
600 39 10 6000602
600 40 10 6000602
600 41 10 6000602
600 42 10 6000602
600 43 10 6000602
600 44 10 6000602
600 45 10 6000602
600 46 10 6000602
600 47 10 6000602
600 48 10 6000602
600 49 10 6000602
600 50 10 6000602
600 51 10 6000602
600 51 10 6000609
600 52 10 6000607
600 53 10 6000607
600 54 10 6000607
600 55 10 6000607
600 56 10 6000607

# Y = 9
# do xanh nen
600 0 9 6000607
600 1 9 6000607
600 2 9 6000607
600 3 9 6000607
600 4 9 6000607
600 5 9 6000607
600 6 9 6000607
600 7 9 6000607
600 8 9 6000607
600 9 9 6000602
600 9 9 6000610
600 10 9 6000602
600 11 9 6000602
600 12 9 6000602
600 13 9 6000602
600 14 9 6000602
600 15 9 6000602
600 16 9 6000602
600 17 9 6000602
600 18 9 6000602
600 19 9 6000602
600 20 9 6000602
600 21 9 6000602
600 22 9 6000602
600 23 9 6000602
600 24 9 6000602
600 25 9 6000602
600 26 9 6000602
600 27 9 6000602
600 28 9 6000602
600 29 9 6000602
600 30 9 6000602
600 31 9 6000602
600 32 9 6000602
600 33 9 6000602
600 34 9 6000602
600 35 9 6000602
600 36 9 6000602
600 37 9 6000602
600 38 9 6000602
600 39 9 6000602
600 40 9 6000602
600 41 9 6000602
600 42 9 6000602
600 43 9 6000602
600 44 9 6000602
600 45 9 6000602
600 46 9 6000602
600 47 9 6000602
600 48 9 6000602
600 49 9 6000602
600 50 9 6000602
600 51 9 6000602
600 51 9 6000611
600 52 9 6000607
600 53 9 6000607
600 54 9 6000607
600 55 9 6000607
600 56 9 6000607

# Y = 8
# do xanh nen
600 0 8 6000607
600 1 8 6000607
600 2 8 6000607
600 3 8 6000607
600 4 8 6000607
600 5 8 6000607
600 6 8 6000607
600 7 8 6000607
600 8 8 6000602
600 8 8 6000614
600 9 8 6000602
600 10 8 6000602
600 11 8 6000602
600 12 8 6000602
600 13 8 6000602
600 14 8 6000602
600 15 8 6000602
600 16 8 6000602
600 17 8 6000602
600 18 8 6000602
600 19 8 6000602
600 20 8 6000602
600 21 8 6000602
600 22 8 6000602
600 23 8 6000602
600 24 8 6000602
600 25 8 6000602
600 26 8 6000602
600 27 8 6000602
600 28 8 6000602
600 29 8 6000602
600 30 8 6000602
600 31 8 6000602
600 32 8 6000602
600 33 8 6000602
600 34 8 6000602
600 35 8 6000602
600 36 8 6000602
600 37 8 6000602
600 38 8 6000602
600 39 8 6000602
600 40 8 6000602
600 41 8 6000602
600 42 8 6000602
600 43 8 6000602
600 44 8 6000602
600 45 8 6000602
600 46 8 6000602
600 47 8 6000602
600 48 8 6000602
600 49 8 6000602
600 50 8 6000602
600 50 8 6000611
600 51 8 6000607
600 52 8 6000607
600 53 8 6000607
600 54 8 6000607
600 55 8 6000607
600 56 8 6000607

# Y = 7
# do xanh nen
600 0 7 6000607
600 1 7 6000607
600 2 7 6000607
600 3 7 6000607
600 4 7 6000607
600 5 7 6000607
600 6 7 6000607
600 7 7 6000607
600 8 7 6000602
600 8 7 6000608
600 9 7 6000602
600 10 7 6000602
600 11 7 6000602
600 12 7 6000602
600 13 7 6000602
600 14 7 6000602
600 15 7 6000602
600 16 7 6000602
600 17 7 6000602
600 17 7 6000611

600 18 7 6000602
600 18 7 6000608

600 19 7 6000602
600 20 7 6000602
600 21 7 6000602
600 22 7 6000602
600 23 7 6000602
600 24 7 6000602
600 25 7 6000602
600 26 7 6000602
600 27 7 6000602
600 28 7 6000602
600 29 7 6000602
600 30 7 6000602
600 31 7 6000602
600 32 7 6000602
600 33 7 6000602
600 34 7 6000602
600 35 7 6000602
600 36 7 6000602
600 37 7 6000602
600 38 7 6000602
600 39 7 6000602
600 40 7 6000602
600 41 7 6000602
600 42 7 6000602
600 43 7 6000602
600 44 7 6000602
600 45 7 6000602
600 46 7 6000602
600 47 7 6000602
600 48 7 6000602
600 49 7 6000602
600 49 7 6000613
600 50 7 6000607
600 51 7 6000607
600 52 7 6000607
600 53 7 6000607
600 54 7 6000607
600 55 7 6000607
600 56 7 6000607

# Y = 6
# do xanh nen
600 0 6 6000607
600 1 6 6000607
600 2 6 6000607
600 3 6 6000607
600 4 6 6000607
600 5 6 6000607
600 6 6 6000607
600 7 6 6000607
600 8 6 6000607

600 9 6 6000602
600 9 6 6000612

600 10 6 6000602
600 11 6 6000602
600 12 6 6000602
600 13 6 6000602
600 14 6 6000602
600 15 6 6000602

600 16 6 6000602
600 16 6 6000611

600 17 6 6000607
600 18 6 6000607

600 19 6 6000602
600 19 6 6000612

600 20 6 6000602
600 21 6 6000602
600 22 6 6000602
600 23 6 6000602
600 24 6 6000602
600 25 6 6000602
600 26 6 6000602
600 27 6 6000602
600 28 6 6000602
600 29 6 6000602
600 30 6 6000602
600 31 6 6000602
600 32 6 6000602
600 33 6 6000602
600 34 6 6000602
600 35 6 6000602
600 36 6 6000602
600 37 6 6000602
600 38 6 6000602
600 39 6 6000602
600 40 6 6000602
600 41 6 6000602
600 42 6 6000602
600 43 6 6000602
600 44 6 6000602
600 45 6 6000602
600 46 6 6000602
600 47 6 6000602
600 48 6 6000602

600 49 6 6000602
600 49 6 6000609

600 50 6 6000607
600 51 6 6000607
600 52 6 6000607
600 53 6 6000607
600 54 6 6000607
600 55 6 6000607
600 56 6 6000607

# Y = 5
# do xanh nen
600 0 5 6000607
600 1 5 6000607
600 2 5 6000607
600 3 5 6000607
600 4 5 6000607
600 5 5 6000607
600 6 5 6000607
600 7 5 6000607
600 8 5 6000607

600 9 5 6000602
600 9 5 6000612

600 10 5 6000602
600 11 5 6000602
600 12 5 6000602
600 13 5 6000602
600 14 5 6000602
600 15 5 6000602

600 16 5 6000602
600 16 5 6000611

600 17 5 6000607
600 18 5 6000607

600 19 5 6000602
600 19 5 6000612

600 20 5 6000602
600 21 5 6000602
600 22 5 6000602
600 23 5 6000602
600 24 5 6000602
600 25 5 6000602
600 26 5 6000602
600 27 5 6000602
600 28 5 6000602
600 29 5 6000602
600 30 5 6000602
600 31 5 6000602
600 32 5 6000602
600 33 5 6000602
600 34 5 6000602
600 35 5 6000602
600 36 5 6000602
600 37 5 6000602
600 38 5 6000602
600 39 5 6000602
600 40 5 6000602
600 41 5 6000602
600 42 5 6000602
600 43 5 6000602
600 44 5 6000602
600 45 5 6000602
600 46 5 6000602
600 47 5 6000602
600 48 5 6000602

600 49 5 6000602
600 49 5 6000609

600 50 5 6000607
600 51 5 6000607
600 52 5 6000607
600 53 5 6000607
600 54 5 6000607
600 55 5 6000607
600 56 5 6000607