[ASSETS]
world-scene-assets.txt
hud.txt

[OBJECTS]
800 0 0 80000

[GRID_OBJECTS]
# tree
802 1 1 80201
802 2 1 80201
802 3 1 80201
802 1 2 80201
802 2 2 80201
802 3 2 80201

802 1 4 80201
802 2 4 80201
802 3 4 80201
802 1 5 80201
802 2 5 80201
802 3 5 80201
802 1 6 80201

802 5 2 80201
802 6 2 80201
802 7 2 80201
802 5 3 80201
802 6 3 80201
802 7 3 80201
802 5 4 80201
802 6 4 80201
802 7 4 80201

802 9 2 80201
802 10 2 80201
802 11 2 80201

802 6 6 80201
802 7 6 80201
802 8 6 80201

802 9 5 80201
802 10 5 80201

802 9 4 80201
802 10 4 80201
802 11 4 80201
802 12 4 80201
802 13 4 80201
802 14 4 80201

802 13 1 80201
802 14 1 80201
802 13 2 80201
802 14 2 80201
802 13 3 80201
802 14 3 80201

802 14 5 80201
802 14 6 80201
802 14 7 80201
802 14 8 80201
802 14 9 80201
