[SPRITES]
# background
80000 1 11 240 178 700

# help
8000100 263 165 278 180 700
8000101 246 165 261 180 700

# tree 80201
8020101 263 11 278 26 700
8020102 280 11 295 26 700
8020103 297 11 312 26 700
8020104 314 11 329 26 700

# stage node 80301
8030100 263 28 278 43 700
8030101 297 28 312 43 700
8030102 314 28 329 43 700
8030103 331 28 346 43 700
8030104 348 28 363 43 700
8030105 365 28 380 43 700
8030106 382 28 397 43 700

# 

[ANIMATIONS]
# help
80001	8000101 750 8000100 250
# tree
80201 8020101 250 8020102 250 8020103 250 8020104 250

